714.2515 0.27125
709.15497 0.335
703.30023 0.3775
696.33295 0.38
687.81775 0.38875
677.2178 0.39
663.9789 0.405
647.7537 0.42
628.5613 0.455
606.7946 0.4925
583.08185 0.5225
558.2285 0.56
533.17487 0.6
508.7953 0.64125
485.6931 0.6775
464.15616 0.70625
444.22116 0.73375
425.79343 0.75125
408.72034 0.77875
392.85397 0.7975
378.05603 0.81375
364.22485 0.83
351.28262 0.8425
339.15778 0.84375
327.7974 0.84625
317.14838 0.85375
307.16245 0.855
297.78577 0.85875
288.97083 0.86375
280.67465 0.87
272.8519 0.87375
265.46683 0.87625
258.48557 0.87875
251.87827 0.8825
245.6198 0.88875
239.68544 0.89125
234.05457 0.89625
228.7087 0.89875
223.62784 0.89875
218.79532 0.90375
214.19458 0.90375
209.8102 0.90625
205.62701 0.91375
201.63107 0.92
197.80937 0.9225
194.1493 0.9275
190.6393 0.92875
187.26936 0.93
184.02927 0.93
180.91095 0.93
177.90512 0.93
175.00487 0.93
172.20386 0.93
169.49565 0.93125
166.8754 0.9325
164.33702 0.93375
161.8765 0.935
159.48944 0.935
157.17235 0.9375
154.92174 0.9375
152.73457 0.93875
150.60745 0.94
148.53847 0.94125
146.52428 0.9425
144.56273 0.9425
142.65233 0.94375
140.79037 0.945
138.9756 0.9475
137.20592 0.9475
135.47903 0.94875
133.79372 0.94875
132.14871 0.95
130.54271 0.95
128.97417 0.95
127.44105 0.95
125.94333 0.95
124.47909 0.95
123.04751 0.95125
121.64777 0.9525
120.278114 0.9525
118.93807 0.9525
117.62672 0.95375
116.34323 0.95375
115.08663 0.95375
113.85616 0.95375
112.65068 0.95375
111.46959 0.95375
110.31256 0.95375
109.17852 0.955
108.06702 0.95625
106.97707 0.95625
105.90875 0.95625
104.86072 0.95625
103.83252 0.95625
102.823814 0.9575
101.834206 0.9575
100.8625 0.9575
99.909035 0.9575
98.97252 0.9575
98.05315 0.95875
97.15009 0.95875
96.263145 0.95875
95.39206 0.95875
94.535675 0.96
93.694305 0.96
92.86719 0.96
92.05415 0.96
91.254616 0.96125
90.468605 0.96125
89.69546 0.9625
88.93478 0.9625
88.186325 0.9625
87.449844 0.9625
86.724945 0.9625
86.01143 0.96375
85.30907 0.96375
84.61745 0.96375
83.93629 0.96375
83.26534 0.96375
82.60425 0.96375
81.953064 0.96375
81.31135 0.96375
80.67857 0.96375
80.0548 0.96375
79.44 0.96375
78.83375 0.96375
78.23567 0.96375
77.64585 0.96375
77.064 0.965
76.48983 0.965
75.92304 0.965
75.363785 0.965
74.811806 0.965
74.26695 0.96625
73.7288 0.96625
73.19739 0.96625
72.6726 0.9675
72.15398 0.9675
71.642 0.9675
71.13603 0.96875
70.636185 0.96875
70.142075 0.96875
69.653854 0.96875
69.17114 0.96875
68.69415 0.96875
68.22252 0.97
67.75616 0.97
67.29514 0.97
66.839195 0.97
66.38822 0.97
65.94255 0.97
65.501564 0.97
65.06541 0.97
64.63391 0.97
64.20709 0.97
63.784996 0.97
63.36737 0.97
62.95447 0.97
62.54574 0.97
62.141296 0.97
61.74127 0.97
61.345627 0.97
60.954025 0.97
60.566574 0.97
60.18326 0.97
59.804134 0.97125
59.428867 0.97125
59.057625 0.97125
58.690228 0.97125
58.326775 0.97125
57.966972 0.9725
57.611042 0.9725
57.25882 0.9725
56.910107 0.97375
56.56511 0.97375
56.223633 0.97375
55.88552 0.97375
55.550915 0.97375
55.219727 0.97375
54.89185 0.97375
54.567192 0.97375
54.245777 0.97375
53.927464 0.97375
53.612305 0.97375
53.30025 0.97375
52.991154 0.97375
52.684948 0.97375
52.381607 0.975
52.08117 0.975
51.783463 0.97625
51.488625 0.97625
51.19628 0.97625
50.90657 0.97625
50.619522 0.9775
50.33497 0.9775
50.052853 0.9775
49.773262 0.9775
49.495865 0.97875
49.220974 0.97875
48.948242 0.97875
48.67771 0.97875
48.40952 0.97875
48.143364 0.97875
47.879402 0.97875
47.61743 0.97875
47.357456 0.97875
47.09964 0.97875
46.843697 0.97875
46.589733 0.97875
46.33761 0.97875
46.08729 0.98
45.83897 0.98
45.592335 0.98
45.34755 0.98
45.10447 0.98
44.863262 0.98
44.62371 0.98
44.385895 0.98
44.14995 0.98
43.9156 0.98125
43.683064 0.98125
43.452175 0.98125
43.223087 0.98125
42.995674 0.98125
42.770004 0.98125
42.546135 0.9825
42.324062 0.9825
42.103714 0.9825
41.885216 0.9825
41.668453 0.9825
41.453518 0.9825
41.240475 0.9825
41.029232 0.9825
40.81992 0.9825
40.61251 0.9825
40.406837 0.9825
40.2032 0.9825
40.001453 0.9825
39.80157 0.98375
39.603596 0.98375
39.407673 0.98375
39.21346 0.98375
39.02128 0.98375
38.83089 0.98375
38.642452 0.98375
38.45587 0.98375
38.271065 0.98375
38.088047 0.98375
37.90693 0.98375
37.72737 0.98375
37.549656 0.985
37.373466 0.985
37.199055 0.985
37.026196 0.985
36.855064 0.98625
36.685318 0.98625
36.517048 0.9875
36.35039 0.9875
36.184944 0.9875
36.021027 0.9875
35.858307 0.9875
35.696926 0.9875
35.536804 0.9875
35.377846 0.9875
35.21998 0.9875
35.063255 0.9875
34.90756 0.9875
34.752914 0.9875
34.59923 0.9875
34.446503 0.9875
34.294693 0.9875
34.143845 0.9875
33.99389 0.9875
33.844795 0.9875
33.696648 0.9875
33.54937 0.9875
33.403122 0.9875
33.257774 0.9875
33.113514 0.9875
32.97039 0.9875
32.828384 0.9875
32.68759 0.9875
32.54818 0.9875
32.41013 0.9875
32.273506 0.9875
32.138363 0.9875
32.004757 0.9875
31.87266 0.9875
31.7422 0.9875
31.613403 0.9875
31.486116 0.9875
31.360401 0.9875
31.236317 0.9875
31.113731 0.9875
30.99278 0.9875
30.873259 0.9875
30.75521 0.9875
30.63864 0.9875
30.52349 0.9875
30.409622 0.9875
30.29712 0.9875
30.185984 0.9875
30.07612 0.9875
29.967493 0.9875
29.860092 0.9875
29.753937 0.9875
29.648888 0.9875
29.544994 0.9875
29.442255 0.9875
29.340635 0.9875
29.240072 0.9875
29.140581 0.9875
29.04213 0.9875
28.944725 0.9875
28.848269 0.9875
28.752827 0.9875
28.658316 0.9875
28.5648 0.9875
28.472239 0.9875
28.380554 0.9875
28.289728 0.9875
28.199823 0.9875
28.110851 0.9875
28.022696 0.9875
27.93536 0.9875
27.848806 0.9875
27.763184 0.9875
27.678242 0.9875
27.594118 0.9875
27.510792 0.9875
27.428215 0.9875
27.346369 0.9875
27.2653 0.9875
27.184862 0.9875
27.105196 0.9875
27.026163 0.9875
26.94791 0.9875
26.870234 0.9875
26.793272 0.9875
26.716871 0.9875
26.64119 0.9875
26.566109 0.9875
26.49159 0.9875
26.417683 0.9875
26.344353 0.9875
26.271614 0.9875
26.199333 0.9875
26.127703 0.9875
26.05656 0.9875
25.985985 0.9875
25.915842 0.9875
25.846216 0.9875
25.777071 0.9875
25.708422 0.9875
25.64019 0.9875
25.572382 0.9875
25.505066 0.9875
25.438114 0.9875
25.371561 0.9875
25.305426 0.98875
25.239687 0.98875
25.174307 0.98875
25.109257 0.98875
25.044601 0.98875
24.980188 0.98875
24.916124 0.98875
24.852411 0.98875
24.78895 0.98875
24.725792 0.98875
24.662914 0.98875
24.600338 0.98875
24.537998 0.98875
24.475891 0.98875
24.414085 0.98875
24.35254 0.98875
24.291178 0.98875
24.230108 0.98875
24.169315 0.98875
24.108793 0.98875
24.048481 0.98875
23.988493 0.98875
23.928743 0.98875
23.869286 0.98875
23.810198 0.98875
23.751373 0.98875
23.692928 0.98875
23.634779 0.98875
23.57703 0.98875
23.519678 0.98875
23.462696 0.98875
23.40609 0.98875
23.350008 0.98875
23.294304 0.98875
23.239079 0.98875
23.184315 0.98875
23.130026 0.98875
23.07625 0.98875
23.02296 0.98875
22.970161 0.98875
22.917828 0.98875
22.866016 0.98875
22.814728 0.98875
22.76394 0.98875
22.713621 0.98875
22.663813 0.98875
22.614494 0.98875
22.565634 0.98875
22.51729 0.98875
22.46945 0.98875
22.422024 0.98875
22.375101 0.98875
22.328611 0.98875
22.282585 0.98875
22.236967 0.98875
22.191803 0.98875
22.147055 0.98875
22.102743 0.98875
22.058811 0.98875
22.015326 0.98875
21.972198 0.98875
21.929483 0.98875
21.887169 0.98875
21.845224 0.98875
21.80363 0.98875
21.762424 0.98875
21.72161 0.98875
21.68108 0.98875
21.640968 0.98875
21.601124 0.98875
21.561676 0.98875
21.522589 0.98875
21.483759 0.98875
21.445341 0.98875
21.407179 0.98875
21.36932 0.98875
21.33177 0.98875
21.294565 0.98875
21.257639 0.98875
21.221 0.98875
21.184656 0.98875
21.148613 0.98875
21.112831 0.98875
21.077345 0.98875
21.042162 0.98875
21.007223 0.98875
20.972565 0.98875
20.938198 0.98875
20.904055 0.98875
20.870188 0.98875
20.836569 0.98875
20.803215 0.98875
20.770113 0.98875
20.737251 0.98875
20.70464 0.98875
20.672283 0.98875
20.640121 0.98875
20.608202 0.98875
20.576551 0.98875
20.545134 0.98875
20.513906 0.98875
20.482924 0.98875
20.452168 0.98875
20.421625 0.98875
20.391275 0.98875
20.36118 0.98875
20.331306 0.98875
20.301624 0.98875
20.272142 0.98875
20.24285 0.98875
20.213804 0.98875
20.18489 0.98875
20.15626 0.98875
20.127779 0.98875
20.099508 0.98875
20.071442 0.98875
20.043575 0.98875
20.015886 0.98875
19.988346 0.98875
19.96106 0.98875
19.933926 0.98875
19.906937 0.98875
19.880182 0.98875
19.853615 0.98875
19.827202 0.98875
19.800913 0.98875
19.774834 0.98875
19.74894 0.98875
19.723196 0.98875
19.69764 0.98875
19.672232 0.98875
19.647041 0.98875
19.621956 0.98875
19.59703 0.98875
19.572311 0.98875
19.547709 0.98875
19.52327 0.98875
19.49899 0.98875
19.474869 0.98875
19.45091 0.98875
19.427097 0.98875
19.403437 0.98875
19.379904 0.98875
19.356565 0.98875
19.333328 0.98875
19.310234 0.98875
19.287298 0.98875
19.264494 0.98875
19.241835 0.98875
19.219324 0.98875
19.196953 0.98875
19.174686 0.98875
19.15257 0.98875
19.130613 0.98875
19.108786 0.98875
19.087057 0.98875
19.065512 0.98875
19.044058 0.98875
19.022734 0.98875
19.001516 0.98875
18.980469 0.98875
18.959507 0.98875
18.938713 0.98875
18.918013 0.98875
18.897446 0.98875
18.877 0.98875
18.85668 0.98875
18.836447 0.98875
18.816357 0.98875
18.79638 0.98875
18.776482 0.98875
18.756744 0.98875
18.737095 0.98875
18.717573 0.98875
18.698168 0.98875
18.678854 0.98875
18.659666 0.98875
18.640598 0.98875
18.621595 0.98875
18.602722 0.98875
18.583961 0.98875
18.565294 0.98875
18.546726 0.98875
18.528282 0.98875
18.509922 0.98875
18.49168 0.98875
18.473516 0.98875
18.455492 0.98875
18.437487 0.98875
18.419655 0.98875
18.401886 0.98875
18.384222 0.98875
18.366634 0.98875
18.34917 0.98875
18.331766 0.98875
18.314486 0.98875
18.29731 0.98875
18.280203 0.98875
18.26316 0.98875
18.246223 0.98875
18.229383 0.98875
18.212631 0.98875
18.195963 0.98875
18.179384 0.98875
18.162916 0.98875
18.146513 0.98875
18.130157 0.98875
18.11394 0.98875
18.097767 0.98875
18.081696 0.98875
18.065693 0.98875
18.049768 0.98875
18.033924 0.98875
18.018167 0.98875
18.002487 0.98875
17.986868 0.98875
17.971338 0.98875
17.955885 0.98875
17.94051 0.98875
17.925205 0.98875
17.909971 0.98875
17.894808 0.98875
17.879725 0.98875
17.864702 0.98875
17.849741 0.98875
17.834875 0.98875
17.820042 0.98875
17.805311 0.98875
17.790638 0.98875
17.776047 0.98875
17.76149 0.98875
17.747034 0.98875
17.732618 0.98875
17.718256 0.98875
17.703983 0.98875
17.68978 0.98875
17.675613 0.98875
17.661535 0.98875
17.64748 0.98875
17.63352 0.98875
17.6196 0.98875
17.605743 0.98875
17.591932 0.98875
17.578196 0.98875
17.56449 0.98875
17.550882 0.98875
17.537302 0.98875
17.523771 0.98875
17.51029 0.98875
17.496872 0.98875
17.483507 0.98875
17.470165 0.98875
17.456903 0.98875
17.44368 0.98875
17.43052 0.98875
17.417389 0.98875
17.404306 0.98875
17.391273 0.98875
17.37828 0.98875
17.365314 0.98875
17.352407 0.98875
17.339546 0.98875
17.32672 0.98875
17.313934 0.98875
17.30118 0.98875
17.288485 0.98875
17.275814 0.98875
17.263186 0.98875
17.250582 0.98875
17.237993 0.98875
17.225454 0.98875
17.212954 0.98875
17.200478 0.98875
17.187998 0.98875
17.175606 0.98875
17.16318 0.98875
17.150799 0.98875
17.138453 0.98875
17.126093 0.98875
17.113785 0.98875
17.101473 0.98875
17.089197 0.98875
17.076925 0.98875
17.064669 0.98875
17.052439 0.98875
17.04019 0.98875
17.027985 0.98875
17.015749 0.98875
17.003525 0.98875
16.991318 0.98875
16.97908 0.98875
16.96684 0.98875
16.954617 0.98875
16.942354 0.98875
16.930096 0.98875
16.917828 0.98875
16.905535 0.98875
16.893232 0.98875
16.880903 0.98875
16.86854 0.98875
16.856136 0.98875
16.843718 0.98875
16.831242 0.98875
16.818764 0.98875
16.806215 0.98875
16.793606 0.98875
16.781008 0.98875
16.7683 0.98875
16.755539 0.98875
16.742731 0.98875
16.72984 0.98875
16.716908 0.98875
16.703861 0.98875
16.690762 0.98875
16.677586 0.98875
16.664293 0.98875
16.650923 0.98875
16.637451 0.98875
16.62387 0.98875
16.610193 0.98875
16.596445 0.98875
16.582558 0.98875
16.56857 0.98875
16.554451 0.98875
16.540243 0.98875
16.525888 0.98875
16.511408 0.98875
16.496836 0.98875
16.482141 0.98875
16.467299 0.98875
16.452368 0.98875
16.437298 0.98875
16.422157 0.98875
16.406878 0.98875
16.391508 0.98875
16.376062 0.98875
16.360502 0.98875
16.344877 0.98875
16.329203 0.98875
16.313484 0.98875
16.29769 0.98875
16.28187 0.98875
16.266043 0.98875
16.250198 0.98875
16.23434 0.98875
16.218517 0.98875
16.202728 0.98875
16.186981 0.98875
16.17129 0.98875
16.15565 0.98875
16.140106 0.98875
16.124647 0.98875
16.109282 0.98875
16.094048 0.98875
16.078903 0.98875
16.063871 0.98875
16.049019 0.98875
16.034279 0.98875
16.019672 0.98875
16.005224 0.98875
15.9909115 0.98875
15.976749 0.98875
15.962769 0.98875
15.9488945 0.98875
15.935211 0.98875
15.921694 0.98875
15.908301 0.98875
15.895078 0.98875
15.881986 0.98875
15.869072 0.98875
15.856298 0.98875
15.843663 0.98875
15.831183 0.98875
15.818829 0.98875
15.8066 0.98875
15.794539 0.98875
15.782561 0.98875
15.770762 0.98875
15.759057 0.98875
15.747483 0.98875
15.73605 0.98875
15.724711 0.98875
15.7134695 0.98875
15.7023945 0.98875
15.691395 0.98875
15.6805 0.98875
15.669726 0.98875
15.659035 0.98875
15.648459 0.98875
15.637984 0.98875
15.627588 0.98875
15.617299 0.98875
15.607073 0.98875
15.596974 0.98875
15.586947 0.98875
15.577013 0.98875
15.56714 0.98875
15.557367 0.98875
15.54766 0.98875
15.538016 0.98875
15.528457 0.98875
15.518978 0.98875
15.50958 0.98875
15.500254 0.98875
15.490977 0.98875
15.481778 0.98875
15.472663 0.98875
15.463586 0.98875
15.454586 0.98875
15.445665 0.98875
15.4367695 0.98875
15.427951 0.98875
15.419182 0.98875
15.410496 0.98875
15.401878 0.98875
15.393274 0.98875
15.384747 0.98875
15.376281 0.98875
15.367841 0.98875
15.359481 0.98875
15.351176 0.98875
15.342898 0.98875
15.334692 0.98875
15.326518 0.98875
15.31842 0.98875
15.310328 0.98875
15.302321 0.98875
15.294346 0.98875
15.286413 0.98875
15.278537 0.98875
15.270705 0.98875
15.262904 0.98875
15.255141 0.98875
15.247428 0.98875
15.239762 0.98875
15.232128 0.98875
15.224563 0.98875
15.217009 0.98875
15.2094965 0.98875
15.202035 0.98875
15.194602 0.98875
15.1872015 0.98875
15.179855 0.98875
15.172569 0.98875
15.165289 0.98875
15.158036 0.98875
15.150839 0.98875
15.143673 0.98875
15.13654 0.98875
15.129435 0.98875
15.122373 0.98875
15.115355 0.98875
15.10834 0.98875
15.101385 0.98875
15.094451 0.98875
15.087536 0.98875
15.0806875 0.98875
15.073853 0.98875
15.06705 0.98875
15.060264 0.98875
15.053541 0.98875
15.046837 0.98875
15.040156 0.98875
15.033519 0.98875
15.026894 0.98875
15.020309 0.98875
15.013743 0.98875
15.007204 0.98875
15.000707 0.98875
14.994215 0.98875
14.987778 0.98875
14.981355 0.98875
14.974972 0.98875
14.9685955 0.98875
14.962264 0.98875
14.955965 0.98875
14.9496765 0.98875
14.943422 0.98875
14.937189 0.98875
14.930989 0.98875
14.924807 0.98875
14.918649 0.98875
14.912529 0.98875
14.906444 0.98875
14.900359 0.98875
14.8942995 0.98875
14.888263 0.98875
14.882254 0.98875
14.876275 0.98875
14.87032 0.98875
14.86437 0.98875
14.858464 0.98875
14.852593 0.98875
14.846715 0.98875
14.840887 0.98875
14.835068 0.98875
14.829285 0.98875
14.823511 0.98875
14.817754 0.98875
14.812032 0.98875
14.80632 0.98875
14.800638 0.98875
14.794968 0.98875
14.789342 0.98875
14.783696 0.98875
14.778115 0.98875
14.772541 0.98875
14.76698 0.98875
14.761441 0.98875
14.755924 0.98875
14.7504225 0.98875
14.744947 0.98875
14.73948 0.98875
14.734052 0.98875
14.728637 0.98875
14.723232 0.98875
14.71785 0.98875
14.71248 0.98875
14.707136 0.98875
14.701823 0.98875
14.696525 0.98875
14.691236 0.98875
14.685972 0.98875
14.680724 0.98875
14.675488 0.98875
14.67029 0.98875
14.6650915 0.98875
14.659909 0.98875
14.654759 0.98875
14.649615 0.98875
14.644488 0.98875
14.639378 0.98875
14.634295 0.98875
14.629233 0.98875
14.624177 0.98875
14.619133 0.98875
14.61412 0.98875
14.60912 0.98875
14.604144 0.98875
14.599163 0.98875
14.594198 0.98875
14.589262 0.98875
14.5843525 0.98875
14.579451 0.98875
14.57457 0.98875
14.56968 0.98875
14.5648155 0.98875
14.559977 0.98875
14.555154 0.98875
14.550336 0.98875
14.545544 0.98875
14.540777 0.98875
14.535996 0.98875
14.531245 0.98875
14.52651 0.98875
14.521801 0.98875
14.517086 0.98875
14.512373 0.98875
14.5077 0.98875
14.503038 0.98875
14.498398 0.98875
14.493748 0.98875
14.489135 0.98875
14.484526 0.98875
14.479918 0.98875
14.475356 0.98875
14.470777 0.98875
14.466226 0.98875
14.461687 0.98875
14.457153 0.98875
14.452632 0.98875
14.448119 0.98875
14.443631 0.98875
14.439152 0.98875
14.434705 0.98875
14.430258 0.98875
14.425795 0.98875
14.42137 0.98875
14.416972 0.98875
14.41255 0.98875
14.408164 0.98875
14.40378 0.98875
14.399418 0.98875
14.395048 0.98875
14.390709 0.98875
14.386369 0.98875
14.382045 0.98875
14.37775 0.98875
14.373441 0.98875
14.369156 0.98875
14.36487 0.98875
14.360619 0.98875
14.356359 0.98875
14.352109 0.98875
14.347869 0.98875
14.343646 0.98875
14.339435 0.98875
14.335224 0.98875
14.33103 0.98875
14.326829 0.98875
14.322652 0.98875
14.318487 0.98875
14.314335 0.98875
14.310175 0.98875
14.306037 0.98875
14.301896 0.98875
14.297775 0.98875
14.293663 0.98875
14.2895565 0.98875
14.285464 0.98875
14.281371 0.98875
14.277284 0.98875
14.273231 0.98875
14.269158 0.98875
14.265088 0.98875
14.2610445 0.98875
14.257008 0.98875
14.252975 0.98875
14.248945 0.98875
14.24492 0.98875
14.240906 0.98875
14.236905 0.98875
14.232896 0.98875
14.228914 0.98875
14.224908 0.98875
14.220935 0.98875
14.216948 0.98875
14.212965 0.98875
14.209009 0.98875
14.205041 0.98875
14.201076 0.98875
14.197131 0.98875
14.193175 0.98875
14.189228 0.98875
14.185284 0.98875
14.181342 0.98875
14.177405 0.98875
14.173471 0.98875
14.169536 0.98875
14.165604 0.98875
14.161679 0.98875
14.157762 0.98875
14.153823 0.98875
14.149909 0.98875
14.145989 0.98875
14.142068 0.98875
14.138132 0.98875
14.134201 0.98875
14.130277 0.98875
14.126351 0.98875
14.122429 0.98875
14.118485 0.98875
14.114556 0.98875
14.11063 0.98875
14.106685 0.98875
14.102718 0.98875
14.098781 0.98875
14.094842 0.98875
14.090879 0.98875
14.086902 0.98875
14.082929 0.98875
14.078955 0.98875
14.07496 0.98875
14.070957 0.98875
14.066942 0.98875
14.062928 0.98875
14.058891 0.98875
14.054852 0.98875
14.050784 0.98875
14.046709 0.98875
14.04262 0.98875
14.038506 0.98875
14.034372 0.98875
14.030231 0.98875
14.026065 0.98875
14.021865 0.98875
14.017659 0.98875
14.013447 0.98875
14.009161 0.98875
14.004877 0.98875
14.000547 0.98875
13.996194 0.98875
13.991812 0.98875
13.987379 0.98875
13.982926 0.98875
13.978426 0.98875
13.9739 0.98875
13.969304 0.98875
13.964648 0.98875
13.959969 0.98875
13.955232 0.99
13.950428 0.99
13.945564 0.99
13.940634 0.99
13.935626 0.99
13.930547 0.99
13.925388 0.99
13.920164 0.99
13.914849 0.99
13.909414 0.99
13.903906 0.99
13.898277 0.99
13.892533 0.99
13.886675 0.99
13.880683 0.99
13.87455 0.99
13.868299 0.99
13.861868 0.99
13.855282 0.99
13.848508 0.99
13.841581 0.99
13.834443 0.99
13.8271055 0.99
13.819541 0.99
13.811734 0.99
13.803694 0.99
13.795397 0.99
13.786829 0.99
13.777954 0.99
13.768799 0.99
13.759332 0.99
13.749518 0.99
13.739376 0.99
13.728891 0.99
13.718041 0.99
13.7068405 0.99
13.695244 0.99
13.683293 0.99
13.670975 0.99
13.658282 0.99
13.645232 0.99
13.631849 0.99
13.618128 0.99
13.604131 0.99
13.589869 0.99
13.575375 0.99
13.560704 0.99
13.5458765 0.99
13.53097 0.99
13.516016 0.99
13.501068 0.99
13.486193 0.99
13.471429 0.99
13.456817 0.99
13.442412 0.99
13.428259 0.99
13.414384 0.99
13.400787 0.99
13.387548 0.99
13.374644 0.99
13.36211 0.99
13.349949 0.99
13.33816 0.99
13.326745 0.99
13.315704 0.99
13.305023 0.99
13.294685 0.99
13.284688 0.99
13.275026 0.99
13.2656765 0.99
13.256636 0.99
13.247883 0.99
13.239405 0.99
13.2311735 0.99
13.223202 0.99
13.215457 0.99
13.207925 0.99
13.2006 0.99
13.19345 0.99
13.186505 0.99
13.1797285 0.99
13.173091 0.99
13.166626 0.99
13.16031 0.99
13.154111 0.99
13.148045 0.99
13.142089 0.99
13.136246 0.99
13.130533 0.99
13.124923 0.99
13.119381 0.99
13.113945 0.99
13.108603 0.99
13.103339 0.99
13.098134 0.99
13.09303 0.99
13.088004 0.99
13.083023 0.99
13.078109 0.99
13.073284 0.99
13.068494 0.99
13.06377 0.99
13.059097 0.99
13.054483 0.99
13.049911 0.99
13.04541 0.99
13.040952 0.99
13.036514 0.99
13.032154 0.99
13.027829 0.99
13.023545 0.99
13.019291 0.99
13.015081 0.99
13.010907 0.99
13.00678 0.99
13.002686 0.99
12.998624 0.99
12.994592 0.99
12.990597 0.99
12.986641 0.99
12.982732 0.99
12.97881 0.99
12.974944 0.99
12.971098 0.99
12.967292 0.99
12.963519 0.99
12.959759 0.99
12.956029 0.99
12.952332 0.99
12.948662 0.99
12.9450035 0.99
12.941379 0.99
12.9377775 0.99
12.934194 0.99
12.93064 0.99
12.927115 0.99
12.923593 0.99
12.920103 0.99
12.916635 0.99
12.913198 0.99
12.909761 0.99
12.906371 0.99
12.90298 0.99
12.899603 0.99
12.896272 0.99
12.892945 0.99
12.8896265 0.99
12.886335 0.99
12.883055 0.99
12.879798 0.99
12.876556 0.99
12.873347 0.99
12.870139 0.99
12.866954 0.99
12.863781 0.99
12.860636 0.99
12.857487 0.99
12.854368 0.99
12.851277 0.99
12.848195 0.99
12.845101 0.99
12.842036 0.99
12.838996 0.99
12.835955 0.99
12.832946 0.99
12.829936 0.99
12.826959 0.99
12.823971 0.99
12.821021 0.99
12.818072 0.99
12.815132 0.99
12.8122225 0.99
12.80931 0.99
12.8064165 0.99
12.803527 0.99
12.800669 0.99
12.797806 0.99
12.794968 0.99
12.792139 0.99
12.789304 0.99
12.786515 0.99
12.78372 0.99
12.780923 0.99
12.778152 0.99
12.775392 0.99
12.772648 0.99
12.769908 0.99
12.767185 0.99
12.764473 0.99
12.761764 0.99
12.7590685 0.99
12.756402 0.99
12.753733 0.99
12.751061 0.99
12.748409 0.99
12.745754 0.99
12.743129 0.99
12.740512 0.99
12.737902 0.99
12.735302 0.99
12.732702 0.99
12.730113 0.99
12.727566 0.99
12.724999 0.99
12.722447 0.99
12.719913 0.99
12.717381 0.99
12.714849 0.99
12.712332 0.99
12.709823 0.99
12.707322 0.99
12.704829 0.99
12.70236 0.99
12.699882 0.99
12.697416 0.99
12.694964 0.99
12.692523 0.99
12.690084 0.99
12.687663 0.99
12.685242 0.99
12.68282 0.99
12.6804285 0.99
12.678039 0.99
12.675646 0.99
12.673256 0.99
12.670902 0.99
12.668529 0.99
12.666181 0.99
12.663819 0.99
12.661486 0.99
12.659156 0.99
12.656837 0.99
12.654511 0.99
12.652212 0.99
12.649912 0.99
12.647615 0.99
12.645333 0.99
12.643061 0.99
12.640779 0.99
12.638511 0.99
12.636261 0.99
12.634007 0.99
12.631762 0.99
12.62952 0.99
12.627299 0.99
12.62508 0.99
12.62285 0.99
12.620657 0.99
12.61845 0.99
12.6162405 0.99
12.614041 0.99
12.611882 0.99
12.6096945 0.99
12.607532 0.99
12.605369 0.99
12.603222 0.99
12.601069 0.99
12.598918 0.99
12.596774 0.99
12.594653 0.99
12.592534 0.99
12.590411 0.99
12.588305 0.99
12.586194 0.99
12.58409 0.99
12.581982 0.99
12.57991 0.99
12.577819 0.99
12.57576 0.99
12.573689 0.99
12.571618 0.99
12.569579 0.99
12.567503 0.99
12.565465 0.99
12.563429 0.99
12.5613985 0.99
12.559382 0.99
12.557346 0.99
12.555328 0.99
12.553315 0.99
12.551312 0.99
12.549311 0.99
12.547321 0.99
12.54534 0.99
12.543361 0.99
12.541357 0.99
12.539389 0.99
12.537421 0.99
12.535461 0.99
12.533517 0.99
12.531562 0.99
12.529611 0.99
12.527664 0.99
12.525737 0.99
12.523794 0.99
12.521882 0.99
12.519947 0.99
12.518034 0.99
12.516133 0.99
12.514214 0.99
12.512339 0.99
12.51045 0.99
12.5085535 0.99
12.506648 0.99
12.504786 0.99
12.502916 0.99
12.501034 0.99
12.499175 0.99
12.497304 0.99
12.49546 0.99
12.4936075 0.99
12.491761 0.99
12.4899235 0.99
12.488074 0.99
12.486235 0.99
12.484411 0.99
12.482592 0.99
12.480781 0.99
12.478966 0.99
12.477142 0.99
12.475342 0.99
12.473545 0.99
12.471755 0.99
12.469961 0.99
12.468176 0.99
12.466403 0.99
12.4646225 0.99
12.46284 0.99
12.46107 0.99
12.459308 0.99
12.457548 0.99
12.455778 0.99
12.454041 0.99
12.452302 0.99
12.450554 0.99
12.448818 0.99
12.44709 0.99
12.44534 0.99
12.443621 0.99
12.441902 0.99
12.440178 0.99
12.438463 0.99
12.436753 0.99
12.435045 0.99
12.433344 0.99
12.43165 0.99
12.429956 0.99
12.428263 0.99
12.42659 0.99
12.424898 0.99
12.423213 0.99
12.421543 0.99
12.419867 0.99
12.418217 0.99
12.416557 0.99
12.414898 0.99
12.413242 0.99
12.411587 0.99
12.409949 0.99
12.408301 0.99
12.4066725 0.99
12.405039 0.99
12.403405 0.99
12.401779 0.99
12.400144 0.99
12.398539 0.99
12.396923 0.99
12.395307 0.99
12.393695 0.99
12.39209 0.99
12.390493 0.99
12.388908 0.99
12.387304 0.99
12.385704 0.99
12.38413 0.99
12.382545 0.99
12.380964 0.99
12.379384 0.99
12.377808 0.99
12.376241 0.99
12.374684 0.99
12.373119 0.99
12.371557 0.99
12.370008 0.99
12.368436 0.99
12.366899 0.99
12.365355 0.99
12.363808 0.99
12.362271 0.99
12.360744 0.99
12.359211 0.99
12.3576765 0.99
12.356144 0.99
12.354627 0.99
12.353128 0.99
12.351624 0.99
12.350098 0.99
12.348588 0.99
12.347086 0.99
12.34559 0.99
12.3440895 0.99
12.342602 0.99
12.341117 0.99
12.339613 0.99
12.338133 0.99
12.336654 0.99
12.335173 0.99
12.333693 0.99
12.332218 0.99
12.330761 0.99
12.329298 0.99
12.327835 0.99
12.326372 0.99
12.324913 0.99
12.323462 0.99
12.322021 0.99
12.320568 0.99
12.319122 0.99
12.317684 0.99
12.316245 0.99
12.314804 0.99
12.313382 0.99
12.311947 0.99
12.310514 0.99
12.309099 0.99
12.307681 0.99
12.306255 0.99
12.304849 0.99
12.303436 0.99
12.302033 0.99
12.3006315 0.99
12.299221 0.99
12.297817 0.99
12.296427 0.99
12.295039 0.99
12.293652 0.99
12.292259 0.99
12.29087 0.99
12.289488 0.99
12.288109 0.99
12.286721 0.99
12.285351 0.99
12.283972 0.99
12.282602 0.99
12.281244 0.99
12.279868 0.99
12.278514 0.99
12.277143 0.99
12.275791 0.99
12.2744465 0.99
12.2731 0.99
12.271748 0.99
12.270396 0.99
12.269061 0.99
12.267733 0.99
12.266387 0.99
12.265058 0.99
12.263733 0.99
12.262396 0.99
12.261083 0.99
12.259753 0.99
12.258426 0.99
12.257113 0.99
12.255807 0.99
12.254491 0.99
12.253182 0.99
12.251875 0.99
12.250564 0.99
12.249279 0.99
12.247984 0.99
12.246689 0.99
12.245391 0.99
12.244095 0.99
12.242809 0.99
12.241523 0.99
12.240237 0.99
12.238951 0.99
12.237687 0.99
12.236393 0.99
12.235121 0.99
12.233848 0.99
12.232584 0.99
12.231306 0.99
12.230056 0.99
12.228782 0.99
12.227532 0.99
12.226272 0.99
12.225017 0.99
12.223767 0.99
12.2225065 0.99
12.221264 0.99
12.220021 0.99
12.218782 0.99
12.217532 0.99
12.216297 0.99
12.215064 0.99
12.213822 0.99
12.2126 0.99
12.21137 0.99
12.21016 0.99
12.208922 0.99
12.207701 0.99
12.206477 0.99
12.205267 0.99
12.204047 0.99
12.202838 0.99
12.20163 0.99
12.200419 0.99
12.199216 0.99
12.198011 0.99
12.196799 0.99
12.195595 0.99
12.194416 0.99
12.193209 0.99
12.19201 0.99
12.190833 0.99
12.189642 0.99
12.188453 0.99
12.187277 0.99
12.186075 0.99
12.184904 0.99
12.183743 0.99
12.182547 0.99
12.181379 0.99
12.180198 0.99
12.179047 0.99
12.177875 0.99
12.176716 0.99
12.175545 0.99
12.174391 0.99
12.173235 0.99
12.17207 0.99
12.170913 0.99
12.169772 0.99
12.168618 0.99
12.167469 0.99
12.16631 0.99
12.165177 0.99
12.164031 0.99
12.162895 0.99
12.161757 0.99
12.160625 0.99
12.159497 0.99
12.158376 0.99
12.15724 0.99
12.156103 0.99
12.154989 0.99
12.153855 0.99
12.15273 0.99
12.151615 0.99
12.150503 0.99
12.149387 0.99
12.148265 0.99
12.147154 0.99
12.146047 0.99
12.144929 0.99
12.143822 0.99
12.142721 0.99
12.141631 0.99
12.140529 0.99
12.139443 0.99
12.138322 0.99
12.13724 0.99
12.13616 0.99
12.135063 0.99
12.133964 0.99
12.132879 0.99
12.131787 0.99
12.130711 0.99
12.129639 0.99
12.128562 0.99
12.127475 0.99
12.126402 0.99
12.125329 0.99
12.124255 0.99
12.123189 0.99
12.122113 0.99
12.12106 0.99
12.119994 0.99
12.118917 0.99
12.117866 0.99
12.1168 0.99
12.115754 0.99
12.114692 0.99
12.113633 0.99
12.112587 0.99
12.111525 0.99
12.110487 0.99
12.109431 0.99
12.108398 0.99
12.107354 0.99
12.106307 0.99
12.105268 0.99
12.104239 0.99
12.103208 0.99
12.1021595 0.99
12.101138 0.99
12.100105 0.99
12.099083 0.99
12.098052 0.99
12.097028 0.99
12.096 0.99
12.094979 0.99
12.093963 0.99
12.092929 0.99
12.091912 0.99
12.090894 0.99
12.089894 0.99
12.088871 0.99
12.08787 0.99
12.08686 0.99
12.085854 0.99
12.084846 0.99
12.083833 0.99
12.082831 0.99
12.081827 0.99
12.08084 0.99
12.079843 0.99
12.078842 0.99
12.0778475 0.99
12.076855 0.99
12.07587 0.99
12.074877 0.99
12.073893 0.99
12.072893 0.99
12.071907 0.99
12.070927 0.99
12.069932 0.99
12.068965 0.99
12.067997 0.99
12.067015 0.99
12.066041 0.99
12.065063 0.99
12.064092 0.99
12.063119 0.99
12.062146 0.99
12.061186 0.99
12.060225 0.99
12.059261 0.99
12.058288 0.99
12.057312 0.99
12.056372 0.99
12.055409 0.99
12.054458 0.99
12.053488 0.99
12.052547 0.99
12.051598 0.99
12.050637 0.99
12.049698 0.99
12.048752 0.99
12.047808 0.99
12.046862 0.99
12.045914 0.99
12.044969 0.99
12.044028 0.99
12.043083 0.99
12.042157 0.99
12.04121 0.99
12.040281 0.99
12.0393505 0.99
12.038404 0.99
12.03747 0.99
12.036546 0.99
12.035624 0.99
12.034681 0.99
12.033755 0.99
12.032839 0.99
12.031912 0.99
12.030991 0.99
12.030065 0.99
12.029152 0.99
12.028225 0.99
12.027314 0.99
12.026407 0.99
12.025485 0.99
12.024583 0.99
12.02367 0.99
12.022763 0.99
12.021854 0.99
12.020942 0.99
12.020044 0.99
12.0191345 0.99
12.018245 0.99
12.017341 0.99
12.01644 0.99
12.015538 0.99
12.014629 0.99
12.013749 0.99
12.012859 0.99
12.011959 0.99
12.011066 0.99
12.010182 0.99
12.0092745 0.99
12.008394 0.99
12.007506 0.99
12.006619 0.99
12.005739 0.99
12.004852 0.99
12.003974 0.99
12.003085 0.99
12.0022135 0.99
12.001334 0.99
12.000448 0.99
11.999568 0.99
11.998704 0.99
11.997829 0.99
11.996965 0.99
11.996094 0.99
11.995229 0.99
11.99435 0.99
11.993492 0.99
11.99262 0.99
11.991763 0.99
11.990895 0.99
11.990035 0.99
11.989172 0.99
11.988304 0.99
11.987453 0.99
11.986603 0.99
11.985729 0.99
11.984882 0.99
11.984024 0.99
11.983174 0.99
11.982331 0.99
11.981475 0.99
11.980629 0.99
11.979781 0.99
11.978939 0.99
11.978087 0.99
11.977249 0.99
11.976404 0.99
11.975562 0.99
11.974716 0.99
11.973875 0.99
11.973036 0.99
11.9721985 0.99
11.971366 0.99
11.970529 0.99
11.969693 0.99
11.968857 0.99
11.968025 0.99
11.9672 0.99
11.966368 0.99
11.965538 0.99
11.9647045 0.99
11.963881 0.99
11.963052 0.99
11.962217 0.99
11.961398 0.99
11.960583 0.99
11.959757 0.99
11.9589405 0.99
11.958122 0.99
11.957296 0.99
11.95648 0.99
11.9556675 0.99
11.954853 0.99
11.954036 0.99
11.953222 0.99
11.9524145 0.99
11.951598 0.99
11.950787 0.99
11.949984 0.99
11.949168 0.99
11.948357 0.99
11.947562 0.99
11.946762 0.99
11.945944 0.99
11.945136 0.99
11.944333 0.99
11.943527 0.99
11.942732 0.99
11.941936 0.99
11.941131 0.99
11.940333 0.99
11.93954 0.99
11.938751 0.99
11.93795 0.99
11.937138 0.99
11.936356 0.99
11.935554 0.99
11.934767 0.99
11.93398 0.99
11.9331875 0.99
11.932398 0.99
11.931607 0.99
11.9308195 0.99
11.930042 0.99
11.929264 0.99
11.928469 0.99
11.927682 0.99
11.926898 0.99
11.926118 0.99
11.925333 0.99
11.924553 0.99
11.9237795 0.99
11.922998 0.99
11.922222 0.99
11.921438 0.99
11.920664 0.99
11.919878 0.99
11.9191065 0.99
11.918331 0.99
11.917565 0.99
11.91679 0.99
11.916025 0.99
11.915265 0.99
11.914481 0.99
11.913709 0.99
11.912946 0.99
11.912176 0.99
11.911424 0.99
11.910646 0.99
11.909887 0.99
11.909107 0.99
11.90834 0.99
11.907589 0.99
11.906821 0.99
11.906055 0.99
11.905301 0.99
11.904542 0.99
11.903776 0.99
11.903032 0.99
11.902275 0.99
11.901509 0.99
11.900759 0.99
11.900002 0.99
11.899242 0.99
11.898486 0.99
11.897732 0.99
11.8969755 0.99
11.896215 0.99
11.895461 0.99
11.894719 0.99
11.893959 0.99
11.893208 0.99
11.892452 0.99
11.891698 0.99
11.890949 0.99
11.890211 0.99
11.889454 0.99
11.8887205 0.99
11.887962 0.99
11.887216 0.99
11.886471 0.99
11.88572 0.99
11.8849745 0.99
11.884231 0.99
11.883476 0.99
11.882737 0.99
11.881997 0.99
11.881257 0.99
11.880502 0.99
11.879761 0.99
11.879026 0.99
11.878293 0.99
11.877558 0.99
11.876795 0.99
11.876067 0.99
11.875322 0.99
11.874576 0.99
11.873853 0.99
11.87312 0.99
11.872374 0.99
11.871649 0.99
11.870907 0.99
11.8701515 0.99
11.869423 0.99
11.868682 0.99
11.867947 0.99
11.867198 0.99
11.866479 0.99
11.865731 0.99
11.865015 0.99
11.864272 0.99
11.863544 0.99
11.862806 0.99
11.862068 0.99
11.861327 0.99
11.860591 0.99
11.859854 0.99
11.859125 0.99
11.858386 0.99
11.857655 0.99
11.856917 0.99
11.856183 0.99
11.855451 0.99
11.854714 0.99
11.853986 0.99
11.853246 0.99
11.8525 0.99
11.851781 0.99
11.851044 0.99
11.850309 0.99
11.84957 0.99
11.848842 0.99
11.848108 0.99
11.847374 0.99
11.846632 0.99
11.845905 0.99
11.845165 0.99
11.844447 0.99
11.843707 0.99
11.842972 0.99
11.842236 0.99
11.841502 0.99
11.840758 0.99
11.840025 0.99
11.839283 0.99
11.838557 0.99
11.837813 0.99
11.8370695 0.99
11.836336 0.99
11.8355875 0.99
11.834846 0.99
11.834111 0.99
11.833369 0.99
11.832631 0.99
11.831884 0.99
11.831138 0.99
11.830393 0.99
11.82965 0.99
11.828894 0.99
11.828154 0.99
11.827405 0.99
11.826655 0.99
11.825904 0.99
11.825154 0.99
11.824402 0.99
11.823651 0.99
11.822909 0.99
11.822161 0.99
11.821402 0.99
11.820625 0.99
11.819876 0.99
11.819127 0.99
11.818365 0.99
11.817603 0.99
11.816851 0.99
11.816077 0.99
11.815304 0.99
11.814534 0.99
11.813769 0.99
11.812983 0.99
11.812223 0.99
11.811442 0.99
11.810667 0.99
11.80989 0.99
11.809102 0.99
11.808322 0.99
11.807544 0.99
11.806756 0.99
11.805962 0.99
11.805164 0.99
11.804366 0.99
11.803578 0.99
11.802775 0.99
11.801967 0.99
11.801161 0.99
11.8003645 0.99
11.799553 0.99
11.798735 0.99
11.797919 0.99
11.797098 0.99
11.796283 0.99
11.795463 0.99
11.794633 0.99
11.793792 0.99
11.792947 0.99
11.792106 0.99
11.791252 0.99
11.7904 0.99
11.789537 0.99
11.788691 0.99
11.787827 0.99
11.786964 0.99
11.786088 0.99
11.785215 0.99
11.784313 0.99
11.783425 0.99
11.782525 0.99
11.781629 0.99
11.780726 0.99
11.779809 0.99
11.778886 0.99
11.777959 0.99
11.7770195 0.99
11.77608 0.99
11.775127 0.99
11.774168 0.99
11.773197 0.99
11.772225 0.99
11.771236 0.99
11.770242 0.99
11.769239 0.99
11.76823 0.99
11.767201 0.99
11.766158 0.99
11.765108 0.99
11.764067 0.99
11.762996 0.99
11.761912 0.99
11.760811 0.99
11.759707 0.99
11.758581 0.99
11.757449 0.99
11.756291 0.99
11.755114 0.99
11.75393 0.99
11.7527275 0.99
11.751508 0.99
11.750273 0.99
11.749009 0.99
11.747736 0.99
11.746433 0.99
11.745115 0.99
11.743762 0.99
11.742395 0.99
11.740988 0.99
11.73956 0.99
11.738116 0.99
11.73662 0.99
11.735107 0.99
11.733565 0.99
11.731988 0.99
11.730355 0.99
11.728693 0.99
11.727002 0.99
11.725259 0.99
11.72346 0.99
11.72163 0.99
11.719742 0.99
11.717809 0.99
11.715826 0.99
11.713762 0.99
11.711658 0.99
11.70947 0.99
11.707228 0.99
11.704914 0.99
11.702506 0.99
11.700017 0.99
11.697445 0.99
11.69478 0.99
11.692019 0.99
11.689147 0.99
11.686159 0.99
11.68306 0.99
11.679816 0.99
11.676451 0.99
11.672942 0.99
11.669274 0.99125
